15

1 2 4 10
0 0 0 0 0 0 100 0 0 0 -1
0

2 2 4 11
0 0 0 0 0 0 100 0 0 0 0 -1
0

3 2 4 15
0 0 0 0 0 0 0 0 0 0 0 100 0 0 0 -1
0

4 2 4 11
0 0 0 0 0 0 100 0 0 0 0 -1
0

5 2 4 7
0 0 100 0 0 0 0 -1
0

6 2 4 20
0 0 0 0 0 0 0 0 0 0 0 0 0 0 0 0 100 0 0 0 -1
15

7 2 4 10
0 0 0 100 0 0 0 0 0 0 -1
0

16 2 4 6
0 0 100 0 0 0 -1
0

701 2 4 8
0 0 0 0 0 100 0 0 -1
0

702 2 4 8
0 0 0 0 0 100 0 0 -1
0

703 2 4 7
0 0 0 0 100 0 0 -1
0

704 2 4 9
0 0 0 0 0 0 100 0 0 -1
0

719 2 4 1
0 -1
0

743 2 4 9
0 0 100 0 0 0 0 0 0 -1
0

750 2 4 1
0 -1
0

