15
1 
1 111 1 6 4 2 42 0 4 0 4 201 302 101 101 0
2
1 151 1 3 2 1 28 8 4 0 2 256 336 1 101
3
1 131 1 6 4 2 48 0 7 0 2 233 301 0
4
7 191 1 7 6 2 50 0 4 0 2 278 352 0
5
1 121 1 7 4 1 36 0 4 0 2 221 301 0
6
1 141 3 15 6 6 44 0 4 0 2 245 303 0
7
1 111 4 24 16 8 61 0 4 0 6 201 302 101 101 101 101 0
1016
1 121 3 8 4 1 48 0 4 0 2 221 301 0
701
1 211 2 14 2 2 28 0 4 21 2 201 301 0
702
1 211 3 20 2 5 50 0 4 33 2 201 301 0
703
1 111 2 6 4 2 30 0 4 0 2 201 301 0
704
1 121 3 15 12 3 42 0 4 30 2 202 303 0
743
1 121 5 40 20 10 90 0 4 45 2 202 303 0
719
1 999 3 3 6 3 42 0 4 0 1 301 0
750
1 999 3 3 9 3 36 0 4 0 1 301 0
