1 2 4 10
0 0 0 0 0 0 100 0 0 0 -1
0

2 2 4 11
0 0 0 0 0 0 100 0 0 0 0 -1
0

3 2 4 15
0 0 0 0 0 0 0 0 0 0 0 100 0 0 0 -1
0

4 2 4 11
0 0 0 0 0 0 100 0 0 0 0 -1
0

5 2 4 7
0 0 100 0 0 0 0 -1
0

6 2 4 20
0 0 0 0 0 0 0 0 0 0 0 0 0 0 0 0 100 0 0 0 -1
15

7 2 4 10
0 0 0 100 0 0 0 0 0 0 -1
0

8 2 4 11
0 0 0 0 0 0 100 0 0 0 0 -1
0

9 2 4 20
0 0 0 0 0 0 0 0 0 0 0 0 0 0 0 20 50 70 100 0 -1
15

10 2 4 16
0 0 0 0 0 0 40 0 0 0 0 0 100 0 0 0 -1
0

11 2 4 17
0 0 0 0 0 0 0 0 0 0 0 0 0 0 100 0 0 -1
0

16 2 4 6
0 0 100 0 0 0 -1
0

701 2 4 8
0 0 0 0 0 100 0 0 -1
0

702 2 4 8
0 0 0 0 0 100 0 0 -1
0

703 2 4 7
0 0 0 0 100 0 0 -1
0

704 2 4 9
0 0 0 0 0 0 100 0 0 -1
0

706 2 4 14
0 0 0 0 0 0 0 100 0 0 0 0 0 0 -1
0

708 2 4 11
0 0 0 100 0 0 0 0 0 0 0 -1
0

711 2 1 4
0 100 0 0 -1
0

712 2 1 5
0 100 0 0 0 -1
0
713 2 4 7 
0 0 0 100 0 0 0 -1
0

716 2 4 15
0 0 0 0 0 0 0 0 0 0 0 100 0 0 0 -1
10

719 2 4 1
0 -1
0

722 2 1 7
0 0 0 0 0 100 0 -1
0

736 2 1 10
0 0 0 0 0 100 0 0 0 0 -1
0

737 2 4 10
0 0 0 0 0 100 0 0 0 0 -1
0

738 2 1 11
0 0 40 0 0 0 0 100 0 0 0 -1
0

743 2 4 9
0 0 100 0 0 0 0 0 0 -1
0

750 2 4 1
0 -1
0

752 2 4 15
0 0 0 0 20 33 40 55 65 75 90 100 0 0 0 -1
0

763 2 1 10
0 0 0 0 0 100 0 0 0 0 -1
0

-1
