64

1 
8 11 0 0 6 7 4 5 2 2
2
5 7 4 7 3 5 2 4 1 2
3
8 10 0 0 6 8 4 4 2 2
4
9 14 0 0 7 13 6 12 2 3
5
10 14 0 0 7 9 4 5 1 2
6
7 8 0 0 5 7 2 3 2 2
7
8 11 0 0 6 8 4 5 2 2
8
4 7 4 6 3 4 2 5 1 1
9
6 8 0 0 5 6 3 3 2 2
10
13 17 0 0 10 13 6 8 3 4
11
6 7 0 0 6 7 5 6 2 2
12
6 8 3 5 2 3 3 6 1 1
13
10 12 0 0 7 9 5 7 2 2
14
6 7 4 7 3 4 2 2 1 2
15 
9 12 0 0 7 10 5 7 2 2
16
12 15 0 0 6 7 5 6 1 1
17
14 17 0 0 9 11 7 9 2 3
18
12 15 6 7 9 14 7 10 2 3
19
13 16 0 0 10 14 8 12 2 3
20 
13 17 0 0 13 16 9 11 3 4
21
10 11 12 14 8 10 7 11 2 2
22
18 23 0 0 11 14 9 12 2 3
23
12 14 4 6 10 12 6 8 3 5
24
15 21 4 5 12 14 8 11 2 2
25
9 10 18 23 6 7 4 6 2 4
26
8 11 0 0 9 13 4 6 2 4
27
11 16 0 0 9 14 5 6 2 2
28
16 19 0 0 11 13 6 7 2 3
29
12 15 6 7 10 14 7 9 2 2
30
18 23 0 0 12 16 10 11 2 3
31
14 21 12 15 8 13 8 11 3 5
32
12 14 0 0 9 13 7 13 2 3

101
8 11 5 7 3 4 10 12 7 8
102
8 11 4 6 2 4 9 12 15 19
103
10 12 7 8 2 3 12 15 0 0
105
13 16 9 10 2 3 16 19 0 0
106
9 10 7 9 2 3 9 12 0 0
107
8 9 6 8 2 3 10 14 5 6
108
8 11 5 8 3 4 11 12 12 15
109
8 11 4 6 2 3 8 10 0 0
110
10 13 6 8 3 4 13 17 0 0
111
9 12 8 9 2 3 11 14 0 0
112
7 10 6 10 3 4 12 13 10 13
113
10 12 8 9 2 3 12 15 0 0
114
8 13 6 8 3 3 8 10 18 21
115
11 13 8 10 2 3 12 17 0 0
116
13 17 11 14 2 3 16 21 0 0
117
9 11 7 9 2 3 14 17 0 0
201
10 14 7 9 2 3 12 14 8 11
202
9 11 5 7 2 3 12 14 11 15
203
9 12 7 8 2 3 12 15 0 0
205
13 15 10 11 2 2 15 19 8 11
206
12 13 7 9 2 3 10 14 0 0
208
9 12 5 7 3 4 11 12 14 17
209
9 12 4 6 2 3 9 12 0 0
210
12 14 7 8 3 5 14 17 0 0
211
9 13 8 9 2 3 12 14 0 0
212
8 12 5 9 4 5 13 15 10 13
213
10 13 7 8 2 3 11 14 0 0
214
8 9 7 8 3 4 8 10 14 17
216
13 15 11 14 2 2 17 21 8 11
217
10 14 7 8 2 4 14 17 0 0
302
9 11 6 8 3 4 12 17 22 29

1016
12 15 0 0 6 7 5 6 1 1
