10

701 1 211 7 1 1 14 0 4 21
702 1 211 8 3 2 24 0 4 33
703 1 111 5 2 1 18 0 4 0 
704 1 121 5 4 1 14 0 4 30
706 3 121 8 2 1 16 0 5 40
708 1 151 2 1 2 10 5 3 50
712 1 154 5 2 1 12 4 3 50
743 1 121 8 4 2 18 0 4 45
719 1 999 1 2 1 14 0 4 0
750 1 999 1 3 1 12 0 4 0

12

 701 701 2 2 201 301 0
1701 701 5 2 202 302 0
 702 702 3 2 201 301 0
1702 702 6 2 202 302 0
 703 703 2 2 201 301 0
 704 704 3 2 202 303 0
 706 706 6 2 213 302 0
 708 708 3 2 257 337 1 101
 712 712 3 2 257 337 1 201
 719 719 3 1 301 0
 743 743 5 2 202 303 0
 750 750 3 1 301 0
