2 1 4
301 303 302 337
2 2 1
101
2 3 6
202 235 257 101 102 302
3 1 5
201 202 221 302 337
3 2 1
101
3 3 2
102 105
4 1 8
202 222 246 257 303 302 304 337
4 2 2
101 102
4 3 2
102 105
5 1 6
202 203 233 234 304 316
5 2 3
101 102 108
5 3 4
113 114 116 111
6 1 10
202 203 233 234 222 245 246 317 305 338
6 2 3
101 102 108 
6 3 2
103 105
7 1 12
202 203 233 234 222 223 246 257 258 304 305 317
7 2 2
101 102
7 3 4
806 808 807 809
8 1 9
203 204 234 246 224 258 305 317 338
8 2 2
101 102
8 3 4
205 236 103 105
9 1 8
204 224 235 247 268 306 318 346
9 2 2
101 102
9 3 3
103 105
10 1 8
205 224 247 258 268 306 318 339
10 2 3
101 102 108
10 3 2
111 112

-1